# Array shape: (30, 2, 10)
5.60    4.30    0.03    -0.00   0.04    5.26    4.04    0.03    -0.00   0.04   
5.26    4.04    0.03    -0.00   0.04    5.07    3.82    0.03    -0.00   0.04   
# New slice
4.47    1.91    0.03    0.00    0.04    4.37    1.45    0.03    0.00    0.04   
4.37    1.45    0.03    0.00    0.04    4.19    1.18    0.03    0.00    0.04   
# New slice
6.73    4.84    0.03    0.01    0.03    6.34    4.73    0.03    0.01    0.03   
6.34    4.73    0.03    0.01    0.03    5.97    4.46    0.03    0.01    0.03   
# New slice
4.14    4.97    0.03    0.00    0.03    3.88    4.72    0.03    0.00    0.03   
3.88    4.72    0.03    0.00    0.03    4.01    4.38    0.03    0.00    0.03   
# New slice
3.36    7.24    0.01    -0.00   0.01    3.25    7.08    0.01    -0.00   0.01   
3.25    7.08    0.01    -0.00   0.01    3.20    6.93    0.01    -0.00   0.01   
# New slice
6.94    6.65    0.03    -0.00   0.03    6.99    6.30    0.03    -0.00   0.03   
6.99    6.30    0.03    -0.00   0.03    6.75    5.97    0.03    -0.00   0.03   
# New slice
5.53    6.56    0.02    -0.00   0.03    5.86    6.81    0.02    -0.00   0.03   
5.86    6.81    0.02    -0.00   0.03    6.15    6.87    0.02    -0.00   0.03   
# New slice
2.26    1.98    0.03    0.00    0.03    2.00    1.98    0.03    0.00    0.03   
2.00    1.98    0.03    0.00    0.03    1.74    2.13    0.03    0.00    0.03   
# New slice
4.03    7.06    0.04    -0.01   0.03    3.81    6.73    0.04    -0.01   0.03   
3.81    6.73    0.04    -0.01   0.03    3.91    6.36    0.04    -0.01   0.03   
# New slice
2.25    5.01    0.03    0.00    0.03    2.57    4.97    0.03    0.00    0.03   
2.57    4.97    0.03    0.00    0.03    3.08    5.08    0.03    0.00    0.03   
# New slice
2.76    6.40    0.03    -0.00   0.02    2.57    6.11    0.03    -0.00   0.02   
2.57    6.11    0.03    -0.00   0.02    2.47    5.76    0.03    -0.00   0.02   
# New slice
4.85    5.18    0.03    -0.00   0.05    4.49    5.49    0.03    -0.00   0.05   
4.49    5.49    0.03    -0.00   0.05    4.63    5.83    0.03    -0.00   0.05   
# New slice
3.46    1.57    0.03    -0.00   0.03    3.76    1.67    0.03    -0.00   0.03   
3.76    1.67    0.03    -0.00   0.03    3.97    1.39    0.03    -0.00   0.03   
# New slice
4.76    3.56    0.03    0.00    0.03    4.68    3.26    0.03    0.00    0.03   
4.68    3.26    0.03    0.00    0.03    4.58    2.81    0.03    0.00    0.03   
# New slice
2.09    7.23    0.03    -0.00   0.03    2.32    7.02    0.03    -0.00   0.03   
2.32    7.02    0.03    -0.00   0.03    2.31    6.70    0.03    -0.00   0.03   
# New slice
4.77    2.96    0.04    -0.01   0.02    4.68    2.66    0.04    -0.01   0.02   
4.68    2.66    0.04    -0.01   0.02    4.77    2.31    0.04    -0.01   0.02   
# New slice
3.37    1.67    0.02    -0.00   0.03    3.57    1.69    0.02    -0.00   0.03   
3.57    1.69    0.02    -0.00   0.03    3.95    1.45    0.02    -0.00   0.03   
# New slice
5.62    1.75    0.03    -0.01   0.03    5.56    1.40    0.03    -0.01   0.03   
5.56    1.40    0.03    -0.01   0.03    5.69    1.20    0.03    -0.01   0.03   
# New slice
7.78    5.79    0.03    -0.00   0.03    7.72    6.15    0.03    -0.00   0.03   
7.72    6.15    0.03    -0.00   0.03    7.81    6.57    0.03    -0.00   0.03   
# New slice
5.60    6.18    0.02    0.00    0.02    5.71    6.40    0.02    0.00    0.02   
5.71    6.40    0.02    0.00    0.02    6.06    6.56    0.02    0.00    0.02   
# New slice
5.15    7.36    0.02    -0.00   0.02    5.41    7.52    0.02    -0.00   0.02   
5.41    7.52    0.02    -0.00   0.02    5.63    7.72    0.02    -0.00   0.02   
# New slice
2.83    5.59    0.03    -0.00   0.03    3.02    5.22    0.03    -0.00   0.03   
3.02    5.22    0.03    -0.00   0.03    3.40    5.26    0.03    -0.00   0.03   
# New slice
4.89    7.58    0.03    0.00    0.03    5.21    7.81    0.03    0.00    0.03   
5.21    7.81    0.03    0.00    0.03    5.36    8.05    0.03    0.00    0.03   
# New slice
3.87    3.98    0.02    0.00    0.03    3.78    3.70    0.02    0.00    0.03   
3.78    3.70    0.02    0.00    0.03    3.76    3.42    0.02    0.00    0.03   
# New slice
1.43    5.71    0.02    0.00    0.03    1.15    5.55    0.02    0.00    0.03   
1.15    5.55    0.02    0.00    0.03    0.79    5.43    0.02    0.00    0.03   
# New slice
3.10    3.28    0.03    0.01    0.03    2.99    2.93    0.03    0.01    0.03   
2.99    2.93    0.03    0.01    0.03    2.78    2.58    0.03    0.01    0.03   
# New slice
1.07    2.50    0.04    0.00    0.03    1.18    2.94    0.04    0.00    0.03   
1.18    2.94    0.04    0.00    0.03    1.32    3.46    0.04    0.00    0.03   
# New slice
5.72    5.67    0.04    0.00    0.02    5.30    5.52    0.04    0.00    0.02   
5.30    5.52    0.04    0.00    0.02    4.91    5.60    0.04    0.00    0.02   
# New slice
2.64    3.29    0.03    -0.00   0.03    2.44    3.01    0.03    -0.00   0.03   
2.44    3.01    0.03    -0.00   0.03    2.06    2.98    0.03    -0.00   0.03   
# New slice
4.77    2.48    0.03    -0.00   0.03    4.68    2.06    0.03    -0.00   0.03   
4.68    2.06    0.03    -0.00   0.03    4.65    1.72    0.03    -0.00   0.03   
# New slice
